Iterative Method
Rank     Time Ellapsed               Fibonacci Value

5        2.799999999997249e-06        5
7        2.000000000002e-06           13
9        1.799999999996249e-06        34
11       1.799999999996249e-06        89
13       2.000000000002e-06           233
15       2.1999999999938735e-06       610
17       2.4999999999886224e-06       1597
19       2.6999999999943736e-06       4181
21       2.9000000000001247e-06       10946
23       3.299999999997749e-06        28657
25       3.4000000000006247e-06       75025
27       3.6999999999953737e-06       196418
29       4.199999999995874e-06        514229
31       4.400000000001625e-06        1346269
33       4.699999999996374e-06        3524578
35       5.0000000000050004e-06       9227465
37       5.199999999996874e-06        24157817
39       5.700000000011252e-06        63245986
41       6.0000000000060005e-06       165580141
43       6.199999999997874e-06        433494437
45       6.8000000000012495e-06       1134903170
47       7.499999999993623e-06        2971215073
49       7.80000000000225e-06         7778742049


[5, 7, 9, 11, 13, 15, 17, 19, 21, 23, 25, 27, 29, 31, 33, 35, 37, 39, 41, 43, 45, 47, 49]
[2.799999999997249e-06, 2.000000000002e-06, 1.799999999996249e-06, 1.799999999996249e-06, 2.000000000002e-06, 2.1999999999938735e-06, 2.4999999999886224e-06, 2.6999999999943736e-06, 2.9000000000001247e-06, 3.299999999997749e-06, 3.4000000000006247e-06, 3.6999999999953737e-06, 4.199999999995874e-06, 4.400000000001625e-06, 4.699999999996374e-06, 5.0000000000050004e-06, 5.199999999996874e-06, 5.700000000011252e-06, 6.0000000000060005e-06, 6.199999999997874e-06, 6.8000000000012495e-06, 7.499999999993623e-06, 7.80000000000225e-06]
[5, 13, 34, 89, 233, 610, 1597, 4181, 10946, 28657, 75025, 196418, 514229, 1346269, 3524578, 9227465, 24157817, 63245986, 165580141, 433494437, 1134903170, 2971215073, 7778742049]



Recursive methond
Rank     Time Ellapsed               Fibonacci Value
5        9.900000000007125e-06       5
7        1.4199999999991997e-05      13
9        3.3800000000000496e-05      34
11       8.740000000000137e-05       89
13       0.00023420000000000385      233
15       0.0005681000000000019       610
17       0.0014496000000000092       1597
19       0.0037634       	     4181
21       0.010521599999999992        10946
23       0.028692899999999993        28657
25       0.07214020000000002         75025
27       0.19336640000000002         196418
29       0.5238863      	     514229
31       1.3833416       	     1346269
33       3.6297179       	     3524578


[5, 7, 9, 11, 13, 15, 17, 19, 21, 23, 25, 27, 29, 31, 33]
[9.900000000007125e-06, 1.4199999999991997e-05, 3.3800000000000496e-05, 8.740000000000137e-05, 0.00023420000000000385, 0.0005681000000000019, 0.0014496000000000092, 0.0037634, 0.010521599999999992, 0.028692899999999993, 0.07214020000000002, 0.19336640000000002, 0.5238863, 1.3833416, 3.6297179]
[5, 13, 34, 89, 233, 610, 1597, 4181, 10946, 28657, 75025, 196418, 514229, 1346269, 3524578]



Dynamic Method
Rank     Time Ellapsed                Fibonacci Value
5        4.299999999998749e-06        5
7        2.9999999999960614e-06       13
9        3.4000000000006247e-06       34
11       3.899999999994186e-06        89
13       4.9999999999980616e-06       233
15       5.499999999998562e-06        610
17       6.499999999999562e-06        1597
19       6.8000000000012495e-06       4181
21       7.500000000000562e-06        10946
23       8.399999999998686e-06        28657
25       8.899999999999186e-06        75025
27       9.599999999998499e-06        196418
29       1.0599999999999499e-05       514229
31       1.1399999999994748e-05       1346269
33       1.1900000000002187e-05       3524578
35       1.259999999999456e-05        9227465
37       1.3300000000000811e-05       24157817
39       1.4100000000002999e-05       63245986
41       1.4800000000002311e-05       165580141
43       1.5500000000001624e-05       433494437
45       1.6500000000002624e-05       1134903170
47       1.5100000000003999e-05       2971215073
49       1.56000000000045e-05         7778742049
 

[5, 7, 9, 11, 13, 15, 17, 19, 21, 23, 25, 27, 29, 31, 33, 35, 37, 39, 41, 43, 45, 47, 49]
[4.299999999998749e-06, 2.9999999999960614e-06, 3.4000000000006247e-06, 3.899999999994186e-06, 4.9999999999980616e-06, 5.499999999998562e-06, 6.499999999999562e-06, 6.8000000000012495e-06, 7.500000000000562e-06, 8.399999999998686e-06, 8.899999999999186e-06, 9.599999999998499e-06, 1.0599999999999499e-05, 1.1399999999994748e-05, 1.1900000000002187e-05, 1.259999999999456e-05, 1.3300000000000811e-05, 1.4100000000002999e-05, 1.4800000000002311e-05, 1.5500000000001624e-05, 1.6500000000002624e-05, 1.5100000000003999e-05, 1.56000000000045e-05]
[5, 13, 34, 89, 233, 610, 1597, 4181, 10946, 28657, 75025, 196418, 514229, 1346269, 3524578, 9227465, 24157817, 63245986, 165580141, 433494437, 1134903170, 2971215073, 7778742049]



Matrix Method
Rank     Time Ellapsed                Fibonacci Value
5        1.730000000001175e-05        5
7        1.4700000000006375e-05       13
9        1.430000000000875e-05        34
11       1.6399999999999748e-05       89
13       1.6499999999988746e-05       233
15       2.0000000000006124e-05       610
17       1.859999999999362e-05        1597
19       2.090000000000425e-05        4181
21       2.0800000000001373e-05       10946
23       2.389999999999337e-05        28657
25       2.0500000000006624e-05       75025
27       2.3499999999995747e-05       196418
29       2.369999999998762e-05        514229
31       2.7300000000007874e-05       1346269
33       2.1999999999994246e-05       3524578
35       2.5300000000005873e-05       9227465
37       2.4799999999991496e-05       24157817
39       2.8100000000003122e-05       63245986
41       2.4799999999991496e-05       165580141
43       2.8099999999989245e-05       433494437
45       2.7499999999999747e-05       1134903170
47       3.1599999999992745e-05       2971215073
49       2.490000000000825e-05        7778742049


[5, 7, 9, 11, 13, 15, 17, 19, 21, 23, 25, 27, 29, 31, 33, 35, 37, 39, 41, 43, 45, 47, 49]
[1.730000000001175e-05, 1.4700000000006375e-05, 1.430000000000875e-05, 1.6399999999999748e-05, 1.6499999999988746e-05, 2.0000000000006124e-05, 1.859999999999362e-05, 2.090000000000425e-05, 2.0800000000001373e-05, 2.389999999999337e-05, 2.0500000000006624e-05, 2.3499999999995747e-05, 2.369999999998762e-05, 2.7300000000007874e-05, 2.1999999999994246e-05, 2.5300000000005873e-05, 2.4799999999991496e-05, 2.8100000000003122e-05, 2.4799999999991496e-05, 2.8099999999989245e-05, 2.7499999999999747e-05, 3.1599999999992745e-05, 2.490000000000825e-05]
[5, 13, 34, 89, 233, 610, 1597, 4181, 10946, 28657, 75025, 196418, 514229, 1346269, 3524578, 9227465, 24157817, 63245986, 165580141, 433494437, 1134903170, 2971215073, 7778742049]




Binet's Formula
Rank     Time Ellapsed                Fibonacci Value
5        5.7000000000001494e-05       5
7        6.099999999994998e-06        13
9        5.0000000000050004e-06       34
11       4.699999999996374e-06        89
13       4.400000000001625e-06        233
15       3.9999999999901226e-06       610
17       4.099999999992998e-06        1597
19       3.9999999999901226e-06       4181
21       4.199999999995874e-06        10946
23       4.000000000004e-06           28657
25       4.000000000004e-06           75025
27       3.900000000001125e-06        196418
29       3.900000000001125e-06        514229
31       4.000000000004e-06           1346269
33       4.000000000004e-06           3524578
35       4.000000000004e-06           9227465
37       4.199999999995874e-06        24157817
39       4.000000000004e-06           63245986
41       3.900000000001125e-06        165580141
43       3.900000000001125e-06        433494437
45       4.100000000006876e-06        1134903170
47       4.000000000004e-06           2971215073
49       4.100000000006876e-06        7778742049


[5, 7, 9, 11, 13, 15, 17, 19, 21, 23, 25, 27, 29, 31, 33, 35, 37, 39, 41, 43, 45, 47, 49]
[5.7000000000001494e-05, 6.099999999994998e-06, 5.0000000000050004e-06, 4.699999999996374e-06, 4.400000000001625e-06, 3.9999999999901226e-06, 4.099999999992998e-06, 3.9999999999901226e-06, 4.199999999995874e-06, 4.000000000004e-06, 4.000000000004e-06, 3.900000000001125e-06, 3.900000000001125e-06, 4.000000000004e-06, 4.000000000004e-06, 4.000000000004e-06, 4.199999999995874e-06, 4.000000000004e-06, 3.900000000001125e-06, 3.900000000001125e-06, 4.100000000006876e-06, 4.000000000004e-06, 4.100000000006876e-06]
[5, 13, 34, 89, 233, 610, 1597, 4181, 10946, 28657, 75025, 196418, 514229, 1346269, 3524578, 9227465, 24157817, 63245986, 165580141, 433494437, 1134903170, 2971215073, 7778742049]



Eigenvalue Method
Rank     Time Ellapsed                Fibonacci Value
5        0.011861599999999806         5
6        0.00022220000000006124       8
7        0.0001562999999999981        13
8        0.00014689999999983883       21
9        0.00014309999999984058       34
10       0.0001396000000000175        55
11       0.00013799999999997148       89
12       0.00013540000000000774       144
13       0.00013499999999999623       233
14       0.00013459999999998473       377
15       0.00013430000000003162       610
16       0.00013390000000002011       987
17       0.00013140000000011476       1597
18       0.00013260000000014927       2584
19       0.00013259999999992722       4181
20       0.00013219999999991572       6765
21       0.0001335000000000086        10946
22       0.0001322999999999741        17711
23       0.00013220000000013776       28657
24       0.0001335000000000086        46368
25       0.0001322999999999741        75025
26       0.00013210000000007938       121393
27       0.00013250000000009088       196418

[5, 6, 7, 8, 9, 10, 11, 12, 13, 14, 15, 16, 17, 18, 19, 20, 21, 22, 23, 24, 25, 26, 27, 28, 29, 30, 31, 32, 33, 34, 35, 36, 37, 38, 39, 40, 41, 42, 43, 44, 45, 46, 47, 48, 49]
[0.011861599999999806, 0.00022220000000006124, 0.0001562999999999981, 0.00014689999999983883, 0.00014309999999984058, 0.0001396000000000175, 0.00013799999999997148, 0.00013540000000000774, 0.00013499999999999623, 0.00013459999999998473, 0.00013430000000003162, 0.00013390000000002011, 0.00013140000000011476, 0.00013260000000014927, 0.00013259999999992722, 0.00013219999999991572, 0.0001335000000000086, 0.0001322999999999741, 0.00013220000000013776, 0.0001335000000000086, 0.0001322999999999741, 0.00013210000000007938, 0.00013250000000009088, 0.00013180000000012626, 0.0001316000000000095, 0.0001310999999999396, 0.00013050000000003337, 0.0001306999999999281, 0.00013039999999997498, 0.00013140000000011476, 0.0001298999999999051, 0.0001310999999999396, 0.00013090000000004487, 0.00013010000000002186, 0.00012940000000005725, 0.000132800000000044, 0.00013180000000012626, 0.0001316000000000095, 0.00013060000000009175, 0.00013079999999998648, 0.0001305999999998697, 0.00013039999999997498, 0.00013010000000002186, 0.00013090000000004487, 0.00013040000000019702]
[5, 8, 13, 21, 34, 55, 89, 144, 233, 377, 610, 987, 1597, 2584, 4181, 6765, 10946, 17711, 28657, 46368, 75025, 121393, 196418, 317811, 514229, 832040, 1346269, 2178309, 3524578, 5702887, 9227465, 14930352, 24157817, 39088169, 63245986, 102334155, 165580141, 267914296, 433494437, 701408733, 1134903170, 1836311903, 2971215073, 4807526976, 7778742049]
